0	2	2	3	2	3	2	3	2	3	2	2	3	3	3	4
1	3	2	3	2	3	3	2	2	3	2	2	3	2	3	3
2	2	3	2	2	2	2	2	2	3	2	1	3	3	4	3
3	3	2	3	2	2	2	3	3	3	2	2	3	3	3	3
4	3	2	2	2	3	3	3	2	3	2	2	3	3	3	3
5	2	2	3	2	2	2	2	3	2	2	1	3	3	4	3
6	3	2	3	2	2	3	2	3	3	2	2	3	3	3	3
7	3	2	2	3	3	2	2	2	2	2	2	3	2	3	3
8	3	2	3	3	2	2	3	3	3	2	2	2	3	3	3
9	2	2	2	2	2	2	2	2	2	2	2	3	3	4	3
10	1	2	2	3	2	2	3	2	3	2	2	3	3	3	3
11	2	2	3	3	2	3	3	3	2	2	2	3	3	3	3
12	2	1	2	3	2	3	3	2	3	2	2	3	3	2	3
13	3	2	3	3	2	2	3	2	2	2	1	3	3	3	3
14	4	3	3	3	2	2	3	3	3	2	3	3	3	3	3
15	2	2	1	3	2	2	3	2	2	2	3	3	3	3	3
16	3	2	3	3	3	4	3	2	3	2	3	3	3	3	3
17	2	2	3	2	2	3	3	2	2	2	2	3	3	3	2
18	3	2	2	3	2	3	3	2	2	2	2	3	3	3	3
19	4	2	3	3	2	3	2	2	2	2	2	2	3	3	3
20	2	2	2	3	3	3	2	2	2	2	2	3	2	3	3
21	2	2	2	3	3	2	3	2	2	2	2	3	3	3	2
22	2	2	3	2	2	2	2	3	2	2	2	2	3	3	3
23	3	2	2	3	2	2	2	2	2	2	3	2	3	4	3
24	1	2	2	2	2	3	3	2	3	3	2	3	3	3	4
25	3	2	3	3	3	2	3	3	3	3	1	3	3	3	3
26	3	3	3	2	3	3	3	2	3	2	2	3	3	3	3
27	3	2	3	3	2	2	2	3	2	3	2	3	3	3	3
28	0	2	3	3	3	2	3	2	3	2	1	2	2	3	3
29	4	2	3	3	2	3	3	2	2	2	3	3	2	3	3
30	2	2	3	2	2	2	2	1	3	2	2	3	2	3	3
31	1	2	2	3	1	3	2	3	2	2	2	3	2	3	2
32	2	2	3	3	2	2	2	2	3	2	2	2	3	3	3
33	3	2	2	3	3	2	2	2	2	2	3	2	2	3	3
34	1	2	3	3	2	2	3	2	3	2	2	3	3	3	3
35	3	2	3	3	2	2	3	2	3	2	2	2	3	3	3
36	3	2	3	3	2	3	3	2	3	2	3	3	3	4	3
37	2	3	3	3	2	2	2	3	3	2	2	3	3	4	3
38	1	2	3	3	2	2	3	3	2	2	2	3	2	3	3
39	4	2	2	3	2	2	2	2	2	2	2	2	2	4	3
40	3	1	2	3	2	2	3	3	3	2	2	2	3	2	3
41	2	2	2	3	2	3	3	3	3	2	2	3	2	4	3
42	4	2	2	3	2	2	3	3	3	3	2	2	3	3	3
43	2	1	3	3	2	2	3	2	2	2	2	2	3	3	3
44	3	2	3	3	2	3	3	2	3	2	2	3	3	4	3
45	2	2	3	3	3	3	2	2	2	3	3	3	3	4	3
46	3	1	3	3	2	3	3	3	3	2	3	2	3	3	3
47	2	2	3	3	2	1	2	2	2	2	2	2	3	3	3
48	1	2	3	3	2	3	3	2	3	2	2	3	3	3	3
49	2	2	3	3	2	3	3	3	2	1	2	2	3	4	3
50	3	2	3	3	3	3	3	3	2	2	3	3	3	3	3
51	4	2	2	3	2	3	3	3	2	2	2	3	3	3	3
52	3	2	2	3	2	3	2	3	3	2	2	3	3	3	3
53	1	3	2	3	2	2	3	3	2	2	2	2	2	3	3
54	3	2	2	3	2	3	2	3	3	2	2	2	3	3	3
55	1	2	2	2	2	2	2	3	2	2	2	3	3	3	3
56	3	2	2	3	3	3	3	2	2	2	2	3	3	3	3
57	2	2	2	3	3	3	2	2	3	2	2	2	3	3	3
58	3	2	3	3	2	3	2	3	3	2	2	2	3	3	3
59	2	2	3	3	2	2	2	2	3	2	2	2	3	3	3
60	4	2	2	3	2	2	3	3	2	2	2	3	3	3	3
61	2	2	3	3	2	2	2	2	2	2	2	3	3	3	3
62	3	2	3	3	2	3	3	3	2	2	2	3	3	4	3


