Successful execution


                             CONTROL CARDS FOR RUN 1
                     Control Cards File Name:  ~control.txt
                         Northern Ontario Medical School

GSTUDY    Northern Ontario Medical School
COMMENT   The Northern Ontario Medical School sends its Clinical Clerks to peripheral rural clinics
COMMENT   all over the area. Students rotate through different compulsory and elective placements.
COMMENT   The rotations are generally oriented more towards primary care. At each rotation
COMMENT   they are rated by two physicians and a nurse independently in the same four areas of
COMMENT   competence on a six point scale. Over the year they rotate typically through six to
COMMENT   eight rotations.
COMMENT*  Clerk    (c)
COMMENT*  Rotation    (r)
COMMENT*  Assessor    (a)
COMMENT*  Performance    (p)
OPTIONS   NREC 5 "*.lis" TIME NOBANNER
EFFECT       * c           	63
EFFECT       r:c         	8	5	7	5	7	5	4	4	6	5	4	6	5	5	5	5	5	5	6	4	5	7	4	6	5	5	4	8	7	5	4	7	5	5	5	5	7	5	4	7	7	7	7	5	5	4	5	6	6	4	4	6	4	5	5	7	4	5	7	5	5	7	0
EFFECT       a           	3
EFFECT       p           	5
FORMAT       8  8
PROCESS      "~data.txt"



                             INPUT RECORDS FOR RUN 1
                         Northern Ontario Medical School

RECORD NUMBER 1:
 -3.634  -0.634   1.366   1.366   1.366  -1.634  -1.634   1.366   0.366   0.366
  0.366   1.366   2.366   2.366   2.366   1.366   0.000  -2.634  -2.634  -1.634
 -1.634  -0.634  -1.634  -0.634   0.366   0.366   0.366  -0.634  -1.634   0.366
  1.366   0.366   0.366   0.000  -1.634  -3.634  -1.634  -0.634  -1.634  -0.634
 -0.634   0.366   0.366   0.366  -0.634  -0.634   1.366   1.366   1.366   0.366
  0.000  -0.634  -2.634  -0.634  -1.634  -0.634  -0.634  -1.634   0.366   1.366
  1.366   0.366  -0.634   0.366   1.366   1.366   1.366   0.000   0.366  -2.634
 -0.634  -1.634  -1.634  -1.634  -0.634   1.366   1.366   0.366   1.366  -1.634
  0.366   0.366   0.366   1.366   0.000   1.366  -3.634  -1.634  -1.634  -0.634
 -0.634  -1.634   0.366   1.366   0.366   1.366  -0.634   1.366   0.366   1.366
  1.366   0.000   2.366  -2.634  -1.634  -1.634  -1.634  -1.634  -3.634  -0.634
  0.366  -1.634  -0.634  -0.634   1.366   1.366   0.366   0.366   0.000   3.366
RECORD NUMBER 2:
 -3.634   0.366   2.366   2.366   2.366   2.366   2.366   2.366   2.366   2.366
  2.366   2.366   2.366   2.366   2.366   2.366   1.000  -2.634   0.366   1.366
  2.366   1.366   1.366   1.366   2.366   2.366   2.366   2.366   2.366   2.366
  2.366   2.366   2.366   1.000  -1.634  -1.634   0.366   1.366   0.366  -0.634
  1.366   2.366   2.366   0.366   0.366   1.366   2.366   2.366   2.366   1.366
  1.000  -0.634  -0.634   1.366   0.366   0.366  -0.634   0.366   2.366   2.366
  0.366   1.366   0.366   2.366   2.366   2.366   0.366   1.000   0.366  -1.634
  1.366   0.366   0.366   0.366   1.366 
RECORD NUMBER 3:
  1.366  -1.634   1.366   1.366   1.366   1.366   1.366   2.366   2.366   2.366
  2.366   0.366   2.366   2.366   2.366   2.366   2.000  -3.634  -1.634   0.366
  0.366   1.366   0.366  -1.634   1.366   0.366   0.366   1.366   1.366   2.366
  2.366   2.366   2.366   2.000  -2.634   1.366   0.366   2.366   1.366   0.366
 -0.634   0.366   0.366   1.366   1.366   1.366   2.366   2.366   2.366   2.366
  2.000  -1.634   0.366   2.366   2.366   2.366   0.366  -0.634   0.366   1.366
  1.366   1.366   2.366   2.366   2.366   2.366   2.366   2.000  -0.634   0.366
  2.366   2.366   2.366   2.366  -0.634   1.366   2.366   1.366   1.366   2.366
  2.366   2.366   2.366   2.366   2.000   0.366  -1.634   1.366   1.366   1.366
  1.366  -0.634  -1.634   1.366  -0.634  -0.634   1.366   2.366   2.366   2.366
  0.366   2.000   1.366  -0.634   1.366 
RECORD NUMBER 4:
  2.366  -1.634   1.366   0.366   1.366   0.366  -3.634  -0.634   1.366  -1.634
 -0.634   1.366   2.366   2.366   2.366   0.366   2.000   3.366  -1.634   0.366
  2.366   0.366   1.366  -0.634   1.366   0.366   1.366   1.366   1.366   2.366
  2.366   2.366   2.366   3.000  -3.634  -3.634  -3.634  -0.634  -2.634  -2.634
 -2.634  -0.634  -1.634  -1.634  -1.634  -1.634  -0.634   1.366  -0.634  -1.634
  3.000  -2.634  -2.634  -1.634  -1.634  -0.634  -2.634  -3.634  -0.634   1.366
 -1.634  -1.634  -1.634   1.366   0.366   1.366  -0.634   3.000  -1.634  -0.634
  1.366   0.366   0.366   0.366   1.366 
RECORD NUMBER 5:
 -0.634  -2.634  -1.634   0.366  -0.634  -1.634  -0.634   1.366   1.366   0.366
  1.366   1.366   2.366   2.366   0.366   1.366   3.000   0.366  -3.634  -1.634
 -0.634  -0.634  -3.634  -1.634  -0.634   1.366  -1.634  -0.634  -1.634   1.366
  0.366   1.366  -0.634   3.000   1.366  -3.634  -0.634  -1.634  -0.634  -0.634
 -1.634   1.366   1.366   1.366   1.366  -0.634   1.366   0.366   0.366   0.366
  4.000  -3.634  -1.634   1.366   0.366   1.366   1.366  -0.634   1.366   0.366
  0.366  -1.634   0.366   1.366   2.366   0.366   0.366   4.000  -2.634  -0.634
  0.366   0.366   0.366   0.366  -1.634   0.366   1.366  -1.634  -1.634   1.366
  0.366   2.366   1.366   0.366   4.000  -1.634  -1.634   0.366   2.366   1.366
  0.366  -0.634   0.366   0.366   1.366   0.366   1.366   2.366   2.366   2.366
  2.366   4.000  -0.634  -0.634   1.366 


                        MEANS FOR MAIN EFFECTS FOR RUN 1
                         Northern Ontario Medical School

Means for c

 -0.164   1.240   1.202  -0.054   0.317   0.453  -1.352   0.714   1.379  -0.747
 -0.119   1.235   1.320  -0.560   0.986   0.986   0.493   1.093   0.335   0.931
  1.826   1.126   0.081   0.235   0.373   0.560  -0.869   0.811   1.450   0.546
  0.664   2.621   2.826   0.840   0.893   1.506   1.917   2.373   1.781   0.536
  0.459   2.555   1.297   2.653   3.813   2.548   3.200   3.679   1.623   1.248
  1.698   1.957   2.214   4.013   1.253   3.078   2.731   2.826   2.736   2.066
  2.746   2.526 

Means for r:c

  0.499  -0.725  -0.525  -0.192  -0.192  -0.058   0.208  -0.325   1.833   1.542
  0.875   1.075   0.875   1.566   0.475   1.008   1.342   1.675   1.542   0.808
  0.499   1.075  -0.992  -0.992   0.142   0.233  -0.592   0.142   0.408   0.275
  0.608   1.142  -0.967   0.942   0.808   1.475   0.008  -1.701  -1.458  -1.058
 -1.192  -1.767   1.208   1.875   1.542   1.966   2.208   1.075   1.075   1.142
  0.808  -0.901  -0.192  -1.192  -0.858  -0.592  -1.101  -0.525  -0.192   1.342
  0.433   0.942   1.075   1.208   2.075   1.675   1.233   1.808   1.142   1.875
  0.542  -1.767  -1.258   0.142  -0.058   0.142  -0.034   0.742   1.142   1.342
  1.742   0.766   1.608   0.875   0.742   0.942  -0.101   0.742   1.475   0.275
  0.075   0.166   1.475   1.608   1.275   0.942  -1.834  -0.058   0.675   0.875
  0.808   1.542   0.433   1.075   0.875   1.342   0.633   1.208   2.275   2.608
  2.408   2.166   2.742   1.208  -0.058  -0.258   1.075   1.008  -0.767   1.408
  0.008  -0.325  -1.367   0.542   0.542   0.275   0.742   0.675  -0.767  -0.192
  1.075   0.808   0.942  -1.434   0.742   0.608   1.475   1.408   0.499  -1.392
 -1.392  -1.192  -2.834  -1.325   1.142   1.608   1.742   2.008   1.875   2.275
  0.166   0.875   1.875   2.075   1.342   1.808   2.008  -0.634   0.075   1.675
  0.742   0.875  -2.567   1.875   1.208   2.142   1.099   1.808   2.742   2.742
  2.942   3.542   3.475   1.899   3.342   3.608   3.408   1.875  -0.101   0.742
  1.142   1.142   1.275  -0.634   1.542   1.608   1.142   0.808  -0.767   2.075
  2.342   1.742   2.142   0.366   2.275   2.008   2.142   2.142   2.408   2.075
  0.566   2.675   3.275   3.342   2.008  -0.301   1.742   2.742   2.942   0.633
  0.875   0.008   0.075   0.408   1.408   0.342  -0.834  -0.525   0.742   1.075
  0.808   0.942   1.008   0.299   2.875   3.608   3.408   2.875   2.742   2.075
 -0.967   1.875   1.208   0.742   1.142   2.542   2.542   1.633   2.875   3.208
  2.475   3.075   1.633   4.008   4.408   4.542   4.475   1.166   3.542   2.342
  3.142   1.833   2.942   3.408   3.608   4.208   0.699   4.075   4.408   4.342
  4.275   4.275   2.166   2.342   1.875   1.008   1.142   1.208  -0.167   1.742
  1.608   1.808  -0.234   2.808   2.008   2.208  -0.034   1.875   2.008   2.808
  2.742   2.342  -0.901   3.142   2.475   4.142   1.699   4.675   4.142   4.808
  4.742  -1.101   1.675   1.275   2.408   2.008  -0.234   4.475   4.142   3.475
  3.208   3.408   3.075   0.833   2.942   3.742   3.408   0.899   2.942   3.475
  3.608   3.208   1.166   3.875   4.208   4.142   2.675   1.342   1.742  -1.767
  2.408   2.808   3.475   3.408  -0.634   3.942   3.808   3.542   3.075  -0.834
  2.542   3.542   4.075   3.008   2.542   2.808 

Means for a

  1.985   1.892   0.296 

Means for p

  1.549   1.834   1.263   1.617   0.691 



                            ANOVA TABLE FOR RUN 1
                       Northern Ontario Medical School
-----------------------------------------------------------------------------
Effect             df             T            SS            MS            VC
-----------------------------------------------------------------------------
c                  62   16436.05208    6687.82357     107.86812       1.75858
r:c               273   21293.47114    4857.41907      17.79274      -2.83565
a                   2   12777.67900    3029.45050    1514.72525      -0.19091
p                   4   10532.49288     784.26437     196.06609      -1.61447
ca                124   21826.46354    2360.96097      19.04001      -0.03141
cp                248   19163.18283    1942.86639       7.83414      -0.97155
ra:c              546   56525.11587   29841.23326      54.65427       0.44293
rp:c             1092   87638.93440   63618.33250      58.25855       1.93240
ap                  8   28235.01319   14673.06981    1834.13373       5.41255
cap               496   47966.72793    8740.06382      17.62110      -6.52965
rap:c            2184  260832.26623  114548.55347      52.44897      52.44214
-----------------------------------------------------------------------------
Mean                     9748.22851
-----------------------------------------------------------------------------
Total            5039                251084.03772
-----------------------------------------------------------------------------
        Grand Mean:         1.39075


Date and time at beginning of Run 1:  Tue Dec 19 13:36:12 2023
Processor time for run: 0 seconds


There were no missing items.


The calculated grand mean = 3.63371
This value has been subtracted from the actual scores for the calculations.
While this improves the accuracy, it does not affect the calculated variances.



-----------------------------------
Results  G Study.

Facet r, random; level = 5.333333333333333.
Facet a, random; level = 3.0.
Facet p, random; level = 5.0.

Variance component 'c' (d) is 1.75858; denominator is 1.00;  τ only
Variance component 'r:c' (g:d) is 0.0; denominator is 5.33 x 1.00;  both δ and Δ
Variance component 'a' (g) is 0.0; denominator is 3.00;  Δ only
Variance component 'p' (g) is 0.0; denominator is 5.00;  Δ only
Variance component 'ca' (dg) is 0.0; denominator is 1.00 x 3.00;  both δ and Δ
Variance component 'cp' (dg) is 0.0; denominator is 1.00 x 5.00;  both δ and Δ
Variance component 'ra:c' (gg:d) is 0.44293; denominator is 5.33 x 3.00 x 1.00;  both δ and Δ
Variance component 'rp:c' (gg:d) is 1.9324; denominator is 5.33 x 5.00 x 1.00;  both δ and Δ
Variance component 'ap' (gg) is 5.41255; denominator is 3.00 x 5.00;  Δ only
Variance component 'cap' (dgg) is 0.0; denominator is 1.00 x 3.00 x 5.00;  both δ and Δ
Variance component 'rap:c' (ggg:d) is 52.44214; denominator is 5.33 x 3.00 x 5.00 x 1.00;  both δ and Δ

σ²(τ) = 1.7586
σ²(δ) = 0.7557
σ²(Δ) = 1.1165

GENERALIZABILITY COEFFICIENTS:

Eρ²      	= 0.70
Φ           = 0.61

Sig: 3020