Successful execution


                             CONTROL CARDS FOR RUN 1
                     Control Cards File Name:  ~control.txt
                         Northern Ontario Medical School

GSTUDY    Northern Ontario Medical School
COMMENT   The Northern Ontario Medical School sends its Clinical Clerks to peripheral rural clinics
COMMENT   all over the area. Students rotate through different compulsory and elective placements.
COMMENT   The rotations are generally oriented more towards primary care. At each rotation
COMMENT   they are rated by two physicians and a nurse independently in the same four areas of
COMMENT   competence on a six point scale. Over the year they rotate typically through six to
COMMENT   eight rotations.
COMMENT*  Clerk    (c)
COMMENT*  Rotation    (r)
COMMENT*  Assessor    (a)
COMMENT*  Performance    (p)
OPTIONS   NREC 5 "*.lis" TIME NOBANNER
EFFECT       * c           	63
EFFECT       r:c         	6	7	6	6	5	7	5	7	6	5	6	8	5	6	6	5	10	6	5	6	5	8	5	6	8	8	7	6	5	6	5	6	7	8	6	7	7	5	7	6	7	6	9	6	7	7	5	8	7	5	5	6	7	6	5	6	6	6	7	8	8	5	6
EFFECT       a           	3
EFFECT       p           	5
FORMAT       8  8
PROCESS      "~data.txt"



                             INPUT RECORDS FOR RUN 1
                         Northern Ontario Medical School

RECORD NUMBER 1:
  1.283  -0.717   2.283   1.283  -3.717   0.283  -0.717   0.283   0.283  -3.717
 -0.717  -0.717   1.283  -1.717  -2.717   2.283  -1.717   2.283   1.283  -3.717
  1.283   0.283   2.283   0.283  -2.717   0.283  -1.717   1.283  -1.717  -3.717
  0.283  -1.717   2.283   0.283  -2.717   1.283   0.283   0.283   0.283  -2.717
 -0.717  -0.717   1.283  -0.717  -3.717   1.283  -2.717   2.283   1.283  -2.717
  2.283   0.283   2.283   2.283   0.283  -0.717  -1.717   1.283   1.283  -0.717
  1.283  -0.717   2.283   0.283  -3.717   1.283   1.283   2.283   0.283  -0.717
 -1.717  -1.717   0.283  -1.717  -2.717   2.283  -1.717   2.283   1.283  -2.717
  2.283   0.283   2.283   2.283  -0.717   1.283  -0.717   0.283  -0.717  -0.717
RECORD NUMBER 2:
  2.283   0.283   2.283   2.283   2.283   2.283   2.283   2.283   2.283   2.283
  2.283   1.283   2.283   0.283   0.283   2.283   1.283   2.283   2.283   0.283
  2.283   2.283   2.283   2.283   2.283   0.283  -0.717   1.283   1.283  -1.717
  2.283   1.283   2.283   0.283   0.283   0.283   1.283   2.283   2.283   0.283
  1.283   0.283   2.283   0.283   1.283   2.283   1.283   2.283   1.283   1.283
  2.283   2.283   2.283   2.283   2.283   2.283   2.283   2.283   2.283   2.283
  2.283   0.283   2.283   2.283   1.283   2.283   2.283   2.283   2.283   2.283
  2.283   2.283   2.283   2.283   2.283   2.283   2.283   2.283   2.283   1.283
  2.283   2.283   2.283   2.283   2.283   2.283   2.283   2.283   2.283   2.283
  2.283   1.283   2.283   2.283   0.283   2.283   2.283   2.283   2.283   2.283
  0.283   0.283   2.283   1.283   1.283 
RECORD NUMBER 3:
  2.283  -0.717   2.283   1.283   2.283   2.283   2.283   2.283   2.283   2.283
  2.283   1.283   2.283   1.283   2.283   2.283   0.283   2.283   1.283   2.283
  2.283   2.283   2.283   2.283   2.283   1.283   1.283   2.283   1.283   2.283
  1.283  -1.717   2.283   2.283   2.283   2.283   0.283   2.283   2.283   2.283
  1.283   0.283   2.283   1.283   2.283   2.283   0.283   2.283   2.283   2.283
  2.283   0.283   2.283   2.283   2.283   0.283  -1.717   2.283   0.283   2.283
  2.283   1.283   2.283   2.283   2.283   1.283   1.283   2.283   2.283   2.283
  1.283   1.283   2.283   2.283   2.283   2.283   1.283   2.283   2.283   2.283
  2.283   2.283   2.283   2.283   2.283   2.283   1.283   2.283   2.283   2.283
RECORD NUMBER 4:
  1.283  -0.717   2.283   0.283  -1.717   1.283   0.283   2.283   2.283   0.283
  0.283  -1.717   2.283   1.283  -0.717   2.283   1.283   2.283   1.283  -1.717
  0.283   1.283   1.283   2.283  -0.717   1.283   1.283   1.283   0.283  -1.717
  2.283  -1.717   1.283   0.283  -0.717   2.283   1.283   0.283   2.283  -0.717
 -0.717  -2.717  -1.717  -1.717  -3.717   2.283  -1.717   2.283   1.283  -0.717
  2.283   2.283   2.283   2.283   0.283   0.283   1.283   1.283   1.283  -1.717
  2.283   0.283   2.283   1.283  -0.717   2.283   2.283   2.283   2.283   0.283
  0.283   1.283   0.283   1.283  -0.717   1.283  -0.717   0.283   0.283  -3.717
  1.283   1.283   1.283   2.283  -1.717  -0.717  -0.717  -0.717  -0.717  -0.717
RECORD NUMBER 5:
  1.283  -1.717   2.283   1.283  -3.717   2.283   1.283   2.283   2.283  -0.717
 -0.717  -0.717  -0.717   0.283  -2.717   0.283  -1.717   2.283  -0.717  -1.717
  2.283   2.283   2.283   2.283   1.283  -1.717  -0.717  -1.717  -0.717  -0.717
 -1.717  -0.717   2.283   1.283  -2.717   0.283   1.283   2.283   2.283  -0.717
 -0.717  -0.717   0.283   2.283  -1.717   0.283  -0.717   2.283   1.283  -2.717
  2.283   1.283   2.283   2.283  -1.717  -1.717  -0.717   0.283   0.283  -3.717
  2.283   0.283   2.283   2.283  -1.717   2.283   2.283   2.283   2.283   0.283
  1.283  -1.717   1.283   1.283  -1.717 


                        MEANS FOR MAIN EFFECTS FOR RUN 1
                         Northern Ontario Medical School

Means for c

 -0.095   1.778   1.816   0.539   0.336   0.531  -1.797   0.035   0.661   0.150
  0.905  -0.034   0.043  -1.117   1.294  -0.530   0.303   1.572   0.376  -0.528
 -0.277   0.075   0.910   0.805   1.375  -1.675  -0.707  -0.306  -0.690  -0.250
 -1.730  -1.273  -1.250  -0.142   0.683  -1.050  -0.727   1.590  -2.155  -0.717
  0.597  -0.795   0.164   0.527   0.531   0.140   0.443  -0.767   1.264   0.710
 -0.064   0.161   0.512   0.539   0.883  -2.106  -1.628  -1.095  -0.888   0.791
  1.191   1.416  -1.250 

Means for r:c

 -0.517  -0.250  -0.450   0.416  -0.250   0.483   1.816   1.350   1.216   2.083
  2.083   2.216   1.683   1.883   1.883   1.550   1.483   1.950   2.150   0.616
  0.816  -0.250   1.016   1.150  -0.117   0.150   0.216   0.216   0.083   1.016
  0.350   1.616  -0.317   1.416   0.150   0.416   0.083  -2.050  -1.717  -2.250
 -1.850  -1.117  -0.250   0.550   1.416  -0.250  -0.784  -0.650   0.216   0.416
  1.083   0.350  -0.317   1.350   1.083  -0.450   0.083   1.016  -0.184   0.283
  0.750   1.150   1.016   0.950   1.083   0.483   0.416   0.216   0.416  -0.984
  0.016  -0.450   0.150  -0.050   0.416  -0.450  -0.384   0.683  -0.050   0.016
 -1.650  -0.984  -1.117  -1.184  -1.784   1.416   1.616   1.283   1.016   1.350
  1.083  -1.984  -0.184  -0.917   0.416   0.016  -0.584   1.350   1.083  -0.584
  0.816  -1.250   0.283   1.483   0.216   0.216   1.683   0.683   1.483   2.150
  1.416   2.016   0.150   0.416   0.683   0.150   0.483   0.216  -0.984  -0.384
 -0.384  -0.317  -1.317  -0.650  -0.984  -0.450   0.083   0.616  -0.650   0.883
  0.483  -0.450  -0.717  -1.050   0.950   1.150   1.483  -0.317   0.683   1.016
  1.683   0.883   0.816   0.616   0.616   0.683   1.216   0.950   1.016   1.950
  1.683   1.950   0.416   1.350   1.683  -1.784  -1.917  -1.650  -1.384  -2.650
 -1.250  -1.717  -1.050  -1.184   0.616  -2.450  -0.717  -0.917  -0.450   0.150
 -0.650   0.016  -1.384  -0.250   0.083   0.350  -0.250   0.483  -0.984  -1.184
 -1.517   0.550   0.016  -0.117  -0.450  -0.384  -1.117  -1.984  -2.517  -1.717
 -1.717  -0.717  -1.517  -1.917  -1.650  -0.384  -1.850  -0.317  -0.650  -0.917
 -1.250  -2.517  -1.184  -0.717  -1.517  -0.050  -0.717   0.083   0.283   0.816
  0.016  -1.250  -0.317   1.150   0.350  -0.584   1.283   0.283   1.616   0.483
 -1.050  -1.584  -1.917  -1.250  -0.250  -1.784  -0.250  -0.584   0.616  -0.050
 -0.450  -1.517  -2.850   2.083   0.683   2.283   2.283   0.616  -2.184  -2.317
 -1.717  -2.117  -2.917  -2.450  -1.384  -0.450   0.016  -1.184  -0.984  -0.984
 -0.717   1.350   1.283  -0.117   0.683   1.483  -0.517   0.016  -1.117  -0.984
 -0.784  -0.784   0.416  -1.517   0.550   0.283  -1.250   0.350   0.550   1.350
 -0.450  -0.384   0.483   1.083  -0.117   0.216   0.816   0.283   0.883   1.016
  0.350   1.416   0.350   0.016   0.416   0.150   0.016   1.483   1.483  -0.584
  0.883  -2.184  -0.117   0.150   0.483   0.950   0.283   0.350  -1.984  -0.384
 -0.984   0.683  -0.450  -1.517   0.016  -1.517   1.416   1.350   1.750   1.750
  1.150   0.750   0.683   0.883   1.016   0.550  -0.184   1.283  -0.117  -0.717
 -0.250   0.616   0.150  -0.384  -0.184   0.350   0.416   0.883  -0.117  -0.384
  0.416   0.616   0.950   0.016   0.216   1.750   1.683   1.150   0.016   1.016
 -0.384  -0.250   0.683   1.216   1.083   0.616   0.816  -2.917  -2.784  -2.317
 -2.317  -1.317  -0.984  -1.184  -0.850  -1.850  -2.384  -1.917  -1.584   0.150
 -0.650  -1.250  -1.117  -1.450  -2.250  -1.584  -1.384   0.083  -1.584  -1.384
  0.350  -0.717  -0.584   0.683   1.016   0.883   1.950   0.683   1.150   0.550
  0.950   0.150   1.350   0.816   1.416   1.816   1.816   1.216   2.150   2.150
  0.683   1.350   0.750  -0.784  -1.184  -1.917  -0.984  -1.450  -1.184 

Means for a

  0.285   0.521  -0.804 

Means for p

  0.427  -0.610   0.717   0.435  -0.966 



                            ANOVA TABLE FOR RUN 1
                       Northern Ontario Medical School
-----------------------------------------------------------------------------
Effect             df             T            SS            MS            VC
-----------------------------------------------------------------------------
c                  62    5798.74375    5798.74249      93.52810       0.78167
r:c               336    8066.29333    2267.54958       6.74866       0.32897
a                   2    1993.03017    1993.02891     996.51445       0.46158
p                   4    2621.52073    2621.51947     655.37987       0.48772
ca                124    9023.42254    1231.64988       9.93266       0.23674
cp                248    9898.01741    1477.75419       5.95869       0.21342
ra:c              672   12249.62666     958.65455       1.42657       0.18430
rp:c             1344   13365.22666    1199.65968       0.89260       0.12918
ap                  8    5150.57504     536.02540      67.00317       0.16404
cap               496   14411.74809     753.02651       1.51820       0.16005
rap:c            2688   20195.22674    1357.61484       0.50507       0.50507
-----------------------------------------------------------------------------
Mean                        0.00127
-----------------------------------------------------------------------------
Total            5984                 20195.22547
-----------------------------------------------------------------------------
        Grand Mean:         0.00046


Date and time at beginning of Run 1:  Wed Dec  6 06:20:48 2023
Processor time for run: 0 seconds


There were no missing items.


The calculated grand mean = 3.71746
This value has been subtracted from the actual scores for the calculations.
While this improves the accuracy, it does not affect the calculated variances.



-----------------------------------
Results  G Study.

Facet r, random; level = 6.333333333333333.
Facet a, random; level = 3.0.
Facet p, random; level = 5.0.

Variance component 'c' (d) is 0.78167; denominator is 1.00;  τ only
Variance component 'r:c' (g:d) is 0.32897; denominator is 6.33 x 1.00;  both δ and Δ
Variance component 'a' (g) is 0.46158; denominator is 3.00;  Δ only
Variance component 'p' (g) is 0.48772; denominator is 5.00;  Δ only
Variance component 'ca' (dg) is 0.23674; denominator is 1.00 x 3.00;  both δ and Δ
Variance component 'cp' (dg) is 0.21342; denominator is 1.00 x 5.00;  both δ and Δ
Variance component 'ra:c' (gg:d) is 0.1843; denominator is 6.33 x 3.00 x 1.00;  both δ and Δ
Variance component 'rp:c' (gg:d) is 0.12918; denominator is 6.33 x 5.00 x 1.00;  both δ and Δ
Variance component 'ap' (gg) is 0.16404; denominator is 3.00 x 5.00;  Δ only
Variance component 'cap' (dgg) is 0.16005; denominator is 1.00 x 3.00 x 5.00;  both δ and Δ
Variance component 'rap:c' (ggg:d) is 0.50507; denominator is 6.33 x 3.00 x 5.00 x 1.00;  both δ and Δ

σ²(τ) = 0.7817
σ²(δ) = 0.2033
σ²(Δ) = 0.4656

GENERALIZABILITY COEFFICIENTS:

Eρ²      	= 0.79
Φ           = 0.63

Sig: 0